//Load sample data
var sampleData = new MLModel1.ModelInput()
{
    Col0 = 0.3414545F,
    Col1 = 0.4637187F,
    Col2 = -1.118747E-07F,
    Col3 = 0.4190139F,
    Col4 = 0.4996808F,
    Col5 = -0.007927256F,
    Col6 = 0.4825736F,
    Col7 = 0.6121564F,
    Col8 = -0.03159034F,
    Col9 = 0.507575F,
    Col10 = 0.7362556F,
    Col11 = -0.05466114F,
    Col12 = 0.5068614F,
    Col13 = 0.8073438F,
    Col14 = -0.07509655F,
    Col15 = 0.5179347F,
    Col16 = 0.5612874F,
    Col17 = -0.07349326F,
    Col18 = 0.5179381F,
    Col19 = 0.7676795F,
    Col20 = -0.1027521F,
    Col21 = 0.4848709F,
    Col22 = 0.7616798F,
    Col23 = -0.1091719F,
    Col24 = 0.4748695F,
    Col25 = 0.7074807F,
    Col26 = -0.1129396F,
    Col27 = 0.4658805F,
    Col28 = 0.5610021F,
    Col29 = -0.09021915F,
    Col30 = 0.4646537F,
    Col31 = 0.796322F,
    Col32 = -0.1139217F,
    Col33 = 0.437995F,
    Col34 = 0.759761F,
    Col35 = -0.1047179F,
    Col36 = 0.4329099F,
    Col37 = 0.6911941F,
    Col38 = -0.1021837F,
    Col39 = 0.4098116F,
    Col40 = 0.5692628F,
    Col41 = -0.1054345F,
    Col42 = 0.4158583F,
    Col43 = 0.7831526F,
    Col44 = -0.1205269F,
    Col45 = 0.3960359F,
    Col46 = 0.7406859F,
    Col47 = -0.1003596F,
    Col48 = 0.3930898F,
    Col49 = 0.680531F,
    Col50 = -0.09057242F,
    Col51 = 0.3561091F,
    Col52 = 0.5810472F,
    Col53 = -0.1217098F,
    Col54 = 0.3717836F,
    Col55 = 0.7520511F,
    Col56 = -0.1255369F,
    Col57 = 0.3636762F,
    Col58 = 0.718354F,
    Col59 = -0.1092151F,
    Col60 = 0.3605484F,
    Col61 = 0.6607649F,
    Col62 = -0.101021F,
};

//Load model and predict output
var result = MLModel1.Predict(sampleData);
